
~~~~~~~~~~~~~~~~~~~~~~~~~~~~~~~~~~~~~~~~~~~~~~~~~~~~~~~~~~~~~~~~~~~~~~~~~~~~~~~
a.out is a Catch v1.6.1 host application.
Run with -? for options

-------------------------------------------------------------------------------
System save/load
-------------------------------------------------------------------------------
test/dci_test.cpp:93
...............................................................................

test/dci_test.cpp:105: FAILED:
  REQUIRE( d == e )
with expansion:
  0000100001001100001010100110111000011001
  1000010011000010101001101110000110010101
  0100110000101010011011100001100101011101
  1100001010100110111000011001010111010011
  0010101001101110000110010101110100111011
  1010011011100001100101011101001110110111
  0110111000011001010111010011101101110000
  1110000110010101110100111011011100001000
  0001100101011101001110110111000010000100
  1001010111010011101101110000100001001100
  0101110100111011011100001000010011000010
  1101001110110111000010000100110000101010
  0011101101110000100001001100001010100110
  1011011100001000010011000010101001101110
  0111000010000100110000101010011011100001
  0000100001001100001010100110111000011001
  1000010011000010101001101110000110010101
  0100110000101010011011100001100101011101
  1100001010100110111000011001010111010011
  0010101001101110000110010101110100111011
  1010011011100001100101011101001110110111
  0110111000011001010111010011101101110000
  1110000110010101110100111011011100001000
  0001100101011101001110110111000010000100
  1001010111010011101101110000100001001100
  0101110100111011011100001000010011000010
  1101001110110111000010000100110000101010
  0011101101110000100001001100001010100110
  1011011100001000010011000010101001101110
  0111000010000100110000101010011011100001
  0000100001001100001010100110111000011001
  1000010011000010101001101110000110010101
  0100110000101010011011100001100101011101
  1100001010100110111000011001010111010011
  0010101001101110000110010101110100111011
  1010011011100001100101011101001110110111
  0110111000011001010111010011101101110000
  1110000110010101110100111011011100001000
  0001100101011101001110110111000010000100
  1001010111010011101101110000100001001100
  0101110100111011011100001000010011000010
  1101001110110111000010000100110000101010
  0011101101110000100001001100001010100110
  1011011100001000010011000010101001101110
  0111000010000100110000101010011011100001
  0000100001001100001010100110111000011001
  1000010011000010101001101110000110010101
  0100110000101010011011100001100101011101
  1100001010100110111000011001010111010011
  0010101001101110000110010101110100111011
  1010011011100001100101011101001110110111
  0110111000011001010111010011101101110000
  1110000110010101110100111011011100001000
  0001100101011101001110110111000010000100
  1001010111010011101101110000100001001100
  0101110100111011011100001000010011000010
  1101001110110111000010000100110000101010
  0011101101110000100001001100001010100110
  1011011100001000010011000010101001101110
  0111000010000100110000101010011011100001
  0000100001001100001010100110111000011001
  1000010011000010101001101110000110010101
  0100110000101010011011100001100101011101
  1100001010100110111000011001010111010011
  0010101001101110000110010101110100111011
  1010011011100001100101011101001110110111
  0110111000011001010111010011101101110000
  1110000110010101110100111011011100001000
  0001100101011101001110110111000010000100
  1001010111010011101101110000100001001100
  0101110100111011011100001000010011000010
  1101001110110111000010000100110000101010
  0011101101110000100001001100001010100110
  1011011100001000010011000010101001101110
  0111000010000100110000101010011011100001
  0000100001001100001010100110111000011001
  1000010011000010101001101110000110010101
  0100110000101010011011100001100101011101
  1100001010100110111000011001010111010011
  0010101001101110000110010101110100111011
  1010011011100001100101011101001110110111
  0110111000011001010111010011101101110000
  1110000110010101110100111011011100001000
  0001100101011101001110110111000010000100
  1001010111010011101101110000100001001100
  0101110100111011011100001000010011000010
  1101001110110111000010000100110000101010
  0011101101110000100001001100001010100110
  1011011100001000010011000010101001101110
  0111000010000100110000101010011011100001
  0000100001001100001010100110111000011001
  1000010011000010101001101110000110010101
  0100110000101010011011100001100101011101
  1100001010100110111000011001010111010011
  0010101001101110000110010101110100111011
  1010011011100001100101011101001110110111
  0110111000011001010111010011101101110000
  1110000110010101110100111011011100001000
  0001100101011101001110110111000010000100
  1001010111010011101101110000100001001100
  
  ==
  0000100001001100001010100110111000011001
  1000010011000010101001101110000110010101
  0100110000101010011011100001100101011101
  1100001010100110111000011001010111010011
  0010101001101110000110010101110100111011
  1010011011100001100101011101001110110111
  0110111000011001010111010011101101110000
  1110000110010101110100111011011100001000
  0001100101011101001110110111000010000100
  1001010111010011101101110000100001001100
  0101110100111011011100001000010011000010
  1101001110110111000010000100110000101010
  0011101101110000100001001100001010100110
  1011011100001000010011000010101001101110
  0111000010000100110000101010011011100001
  0000100001001100001010100110111000011001
  1000010011000010101001101110000110010101
  0100110000101010011011100001100101011101
  1100001010100110111000011001010111010011
  0010101001101110000110010101110100111011
  1010011011100001100101011101001110110111
  0110111000011001010111010011101101110000
  1110000110010101110100111011011100001000
  0001100101011101001110110111000010000100
  1001010111010011101101110000100001001100
  0101110100111011011100001000010011000010
  1101001110110111000010000100110000101010
  0011101101110000100001001100001010100110
  1011011100001000010011000010101001101110
  0111000010000100110000101010011011100001
  0000100001001100001010100110111000011001
  1000010011000010101001101110000110010101
  0100110000101010011011100001100101011101
  1100001010100110111000011001010111010011
  0010101001101110000110010101110100111011
  1010011011100001100101011101001110110111
  0110111000011001010111010011101101110000
  1110000110010101110100111011011100001000
  0001100101011101001110110111000010000100
  1001010111010011101101110000100001001100
  0101110100111011011100001000010011000010
  1101001110110111000010000100110000101010
  0011101101110000100001001100001010100110
  1011011100001000010011000010101001101110
  0111000010000100110000101010011011100001
  0000100001001100001010100110111000011001
  1000010011000010101001101110000110010101
  0100110000101010011011100001100101011101
  1100001010100110111000011001010111010011
  0010101001101110000110010101110100111011
  1010011011100001100101011101001110110111
  0110111000011001010111010011101101110000
  1110000110010101110100111011011100001000
  0001100101011101001110110111000010000100
  1001010111010011101101110000100001001100
  0101110100111011011100001000010011000010
  1101001110110111000010000100110000101010
  0011101101110000100001001100001010100110
  1011011100001000010011000010101001101110
  0111000010000100110000101010011011100001
  0000100001001100001010100110111000011001
  1000010011000010101001101110000110010101
  0100110000101010011011100001100101011101
  1100001010100110111000011001010111010011
  0010101001101110000110010101110100111011
  1010011011100001100101011101001110110111
  0110111000011001010111010011101101110000
  1110000110010101110100111011011100001000
  0001100101011101001110110111000010000100
  1001010111010011101101110000100001001100
  0101110100111011011100001000010011000010
  1101001110110111000010000100110000101010
  0011101101110000100001001100001010100110
  1011011100001000010011000010101001101110
  0111000010000100110000101010011011100001
  0000100001001100001010100110111000011001
  1000010011000010101001101110000110010101
  0100110000101010011011100001100101011101
  1100001010100110111000011001010111010011
  0010101001101110000110010101110100111011
  1010011011100001100101011101001110110111
  0110111000011001010111010011101101110000
  1110000110010101110100111011011100001000
  0001100101011101001110110111000010000100
  1001010111010011101101110000100001001100
  0101110100111011011100001000010011000010
  1101001110110111000010000100110000101010
  0011101101110000100001001100001010100110
  1011011100001000010011000010101001101110
  0111000010000100110000101010011011100001
  0000100001001100001010100110111000011001
  1000010011000010101001101110000110010101
  0100110000101010011011100001100101011101
  1100001010100110111000011001010111010011
  0010101001101110000110010101110100111011
  1010011011100001100101011101001110110111
  0110111000011001010111010011101101110000
  1110000110010101110100111011011100001000
  0001100101011101001110110111000010000100
  1001010111010011101101110000100001001100
  

===============================================================================
test cases:    8 |    7 passed | 1 failed
assertions: 4025 | 4024 passed | 1 failed

